{
    "length": 29.787974683544302,
    "str_em": 30.279535864978897,
    "str_hit": 8.966244725738397,
    "rougeLsum": 35.73421763456486,
    "QA-EM": 18.52496483825598,
    "QA-F1": 24.012546502642014,
    "QA-Hit": 3.2700421940928273,
    "mauve": 76.18896611434614,
    "citation_rec": 50.27601969057665,
    "citation_prec": 63.71308016877637
}